10035
10100
10117
10205
10340
10369
10555
11015
11017
11356
13057
17705
23145
24260
25378
28881
30962
36567
42205
53431
70933
81937
81986
82097
85053
85055
97299
108958
109153
114154
116361
116831
118870
120823
143179
147425
147742
150293
160807
166507
167345
167372
178369
178770
181018
181744
187617
189363
194024
195098
195128
195330
195331
195357
195867
196883
198437
199208
200267
200269
200270
200271
201510
202203
202204
202205
202208
202209
202210
202211
202213
202224
202225
202226
202227
202228
202229
202230
202231
202232
202233
202240
202241
202242
202243
202244
202245
202739
202844
204352
205393
205634
205682
208753
210935
211163
211177
212471
213951
214409
216277
217737
217865
218822
220067
222043
224074
224947
225448
225575
225590
226098
226681
226780
228616
229134
231202
231663
231665
232183
232534
233449
233823
233832
233860
233873
234977
235083
238657
238814
239223
239236
239238
239530
239612
240545
240840
240881
240994
242487
246590
247488
255414
256158
257203
258512
263656
264194
271487
274936
274962
274990
275064
275098
275451
275972
276335
281284
281353
281451
281855
283343
283452
284182
284298
284584
287593
287905
289003
289134
290036
290263
290266
290421
290775
290857
290938
290989
291530
292149
292278
292318
292588
293136
293356
293659
293806
293863
294142
294595
295078
295196
295213
295597
295673
296433
296602
296647
296973
297695
297757
298033
298750
299818
300784
301574
302010
303152
303194
303261
303575
303747
303755
303836
303921
304092
304097
304688
304751
304757
304992
305079
307174
307681
308026
308755
308988
310027
310082
310195
310279
310380
310474
310998
311014
311305
312243
312329
312369
312799
312848
312874
313009
313048
313063
315026
315408
315901
316086
316287
316448
316670
316809
317066
318612
319689
319911
320327
320784
320864
321484
322158
322562
322564
322671
322674
322675
322677
322678
322679
322680
322681
322682
322683
322684
322685
322687
322689
322691
322694
322695
322696
322697
322698
322699
322700
322702
322703
322707
322708
322709
322710
322711
322712
322713
322715
322716
322717
322718
322719
322720
322722
322723
322724
322725
322726
322727
322729
322730
322731
322732
322733
322734
322735
322736
322737
322738
322739
322741
322742
322743
322744
322745
322746
322748
322749
322750
322751
322752
322753
322754
322755
322756
322757
322758
322759
322761
322762
322763
322765
322766
322767
322768
322770
322771
322772
322773
322774
322775
322776
322778
322780
322782
322784
322785
322787
322788
322789
322790
322791
322792
322793
322795
322796
322799
322801
322802
322803
322804
322805
322807
322808
322810
322811
322812
322815
322816
322817
322818
322819
322820
322822
322823
322824
322825
322827
322828
322832
322835
322838
322840
322841
322846
322847
322852
322854
322858
322859
322860
322861
322866
322869
322870
322874
322884
322889
322891
322893
322895
322897
322910
322931
322932
322935
322937
322938
322939
322942
322956
322959
322972
322991
322993
323012
323014
323022
323036
323096
323102
323151
323157
323159
323160
323169
323172
323187
323202
323208
323210
323215
323232
323247
323249
323266
323284
323581
323595
323602
323609
323617
323624
323765
323944
323946
323954
323971
323980
324068
324749
324759
324778
324781
324963
326227
326233
326235
326236
326273
326378
326380
326992
327310
327513
327648
327994
329023
329038
329671
329874
330035
330036
330080
330115
330718
330719
331544
331657
331732
331733
331848
331968
332101
332117
332130
332541
332564
332819
332837
332839
332840
333936
334754
336278
338887
339509
339672
340263
341201
341927
342722
343700
343802
343841
344002
344855
344887
345730
346883
347239
347439
347589
347599
347600
347601
347602
347603
347605
347693
347706
347719
347726
348002
348039
349003
349369
350042
350044
350046
350047
350287
350469
351237
351367
351399
352147
352290
352363
352832
353000
353074
353530
353858
353861
354152
354154
354155
354157
354160
354162
354174
354182
354186
354191
354328
354348
354349
354350
354352
354356
354358
354366
354382
354386
354390
354392
354393
354394
354397
354409
354412
354419
354425
354427
354429
354430
354431
354436
354443
354472
354484
354518
354601
354638
354645
354648
355000
355042
355048
355057
355143
355144
355243
355249
355252
355255
355256
355257
355258
355259
355260
355263
355265
355266
355267
355270
355272
355273
355274
355275
355276
355278
355279
355280
355281
355283
355284
355285
355286
355288
355289
355292
355293
355294
355295
355296
355297
355298
355306
355311
355316
355320
355330
355336
355340
355353
355389
355399
355403
355413
355417
355437
355519
355521
355540
355550
355551
355552
355554
355556
355559
355560
355561
355562
355564
355565
355566
355567
355569
355570
355572
355573
355574
355575
355577
355578
355579
355580
355581
355582
355583
355584
355585
355586
355587
355588
355590
355591
355592
355594
355595
355596
355597
355600
355601
355602
355603
355604
355605
355606
355608
355609
355610
355611
355612
355613
355616
355617
355618
355620
355621
355622
355623
355624
355625
355626
355628
355629
355630
355631
355632
355634
355635
355636
355637
355638
355639
355640
355641
355644
355645
355647
355648
355649
355650
355651
355653
355654
355655
355656
355657
355659
355661
355663
355664
355665
355671
355672
355673
355678
355682
355717
355718
355724
355736
355748
355759
355762
355771
355789
355801
355815
355818
355819
355820
355823
355824
355825
355826
355892
355917
355927
355943
355958
355964
355975
355976
355978
355979
355980
355981
355982
355984
355988
355991
355993
355997
356003
356011
356014
356018
356020
356067
356106
356156
356157
356171
356177
356178
356179
356181
356184
356194
356205
356256
356312
356319
356320
356321
356323
356341
356349
356354
356358
356362
356365
356370
356378
356380
356381
356388
356398
356400
356401
356404
356409
356413
356414
356415
356416
356427
356437
356442
356444
356456
356457
356483
356490
356512
356514
356566
356567
356584
356592
356611
356613
356631
356637
356651
356681
356682
356684
356685
356686
356691
356699
356708
356715
356716
356719
356720
356721
356722
356725
356726
356727
356732
356733
356734
356738
356739
356740
356741
356742
356743
356748
356752
356753
356757
356771
356772
356783
356787
356791
356798
356799
356808
356814
356817
356818
356819
356820
356821
356823
356824
356825
356827
356828
356829
356830
356834
356837
356838
356839
356841
356842
356843
356844
356845
356846
356847
356848
356849
356850
356851
356852
356853
356854
356856
356857
356860
356865
356930
356931
356933
356934
357052
357053
357110
357123
357124
357125
357128
357129
357130
357139
357207
357288
357290
357294
357296
357297
357298
357299
357302
357303
357304
357307
357310
357312
357315
357318
357325
357326
357329
357331
357344
357347
357348
357349
357350
357351
357352
357353
357354
357355
357356
357357
357358
357359
357360
357361
357364
357365
357366
357367
357368
357369
357370
357371
357372
357373
357374
357375
357376
357377
357381
357390
357408
357409
357411
357415
357417
357419
357422
357424
357425
357427
357429
357431
357433
357436
357437
357439
357440
357443
357445
357448
357450
357452
357454
357456
357457
357458
357495
357610
357611
357616
357865
357908
357909
357910
357912
357913
357914
357915
357917
357934
357935
358061
358073
358085
358093
358096
358104
358111
358118
358120
358123
358126
358130
358137
358147
358161
358166
358168
358170
358171
358172
358173
358174
358175
358176
358177
358178
358184
358186
358187
358190
358192
358195
358197
358200
358202
358204
358206
358207
358208
358209
358210
358211
358212
358213
358214
358215
358218
358219
358221
358222
358223
358225
358227
358229
358232
358233
358235
358236
358239
358242
358243
358244
358245
358248
358249
358251
358253
358254
358258
358259
358260
358261
358262
358263
358264
358265
358266
358268
358269
358270
358271
358272
358273
358274
358275
358276
358277
358278
358279
358280
358281
358283
358284
358285
358287
358288
358289
358290
358291
358292
358293
358294
358295
358296
358297
358298
358299
358300
358301
358302
358303
358304
358305
358308
358309
358310
358311
358312
358313
358315
358316
358317
358318
358319
358320
358321
358322
358323
358324
358325
358326
358328
358329
358330
358331
358332
358336
358343
358361
358379
358387
358397
358399
358443
358496
358501
358540
358541
358544
358560
358561
358562
358563
358565
358566
358567
358568
358577
358581
358583
358584
358585
358587
358588
358589
358590
358593
358639
358641
358643
358644
358646
358647
358648
358650
358651
358652
358653
358654
358655
358656
358657
358658
358660
358661
358663
358664
358670
358672
358675
358677
358685
358696
358698
358721
358723
358731
358752
358755
358766
358768
358769
358770
358777
358778
358780
358781
358782
358783
358785
358788
358793
358800
358878
358879
358898
358904
359030
359039
359042
359045
359051
359053
359054
359055
359059
359108
359158
359164
359176
359178
359287
359291
359308
359309
359310
359312
359314
359315
359316
359317
359318
359319
359322
359329
359374
359377
359379
359523
359538
359725
359793
359893
359984
360390
361064
361586
362153
362160
362188
363023
363231
363419
363825
364071
364471
365464
366523
367480
368165
368501
368693
368706
368707
368714
368730
368766
368773
368774
368775
368778
368780
368787
368799
368809
368934
368937
369017
369040
369046
369051
369087
369097
369187
369358
369449
369452
369586
369598
369604
369673
369750
369752
369897
369976
370134
370153
370192
370215
370221
370222
370223
370234
370246
370249
370260
370299
370412
370437
370456
370474
370484
370657
371867
371868
371922
372165
372188
372373
372693
372704
372708
372863
372890
372912
372927
373172
373583
373890
376216
376438
376442
376458
376556
376670
376683
376684
376716
376902
376904
376908
376914
376916
376917
376932
376973
376980
377024
377100
377217
377258
377260
377276
377283
377285
377286
377292
377295
377298
377300
377307
377310
377311
377313
377314
377322
377328
377338
377439
377517
377524
377528
377529
377530
377536
377537
377538
377542
377543
377551
377559
377561
377594
377596
377603
377606
377613
377616
377618
377626
377639
377643
377645
377653
377831
377833
377863
377873
377889
377895
377912
377928
377933
377943
377962
378178
378181
378194
378196
378199
378201
378360
378377
378404
378405
378437
378446
378451
378453
378455
378456
378457
378458
378459
378462
378464
378467
378474
378475
378482
378486
378492
378647
378649
378650
378651
378652
378653
378657
378659
378662
378698
378724
378727
378735
378742
378771
378785
378798
378851
378965
378989
379001
379043
379051
379069
379075
379081
379082
379111
379248
379253
379259
379263
379266
379275
379282
379283
379287
379288
379292
379293
379294
379299
379322
379324
379330
379331
379337
379341
379342
379348
379350
379360
379363
379365
379373
379374
379375
379378
379379
379387
379399
379401
379404
379408
379425
379493
379499
379528
379529
379531
379535
379540
379542
379544
379550
379554
379558
379563
379564
379571
379572
379574
379576
379579
379583
379594
379607
379613
379622
379625
379627
379634
379639
379640
379646
379652
379657
379669
379676
379693
379875
379889
379909
379911
379926
380080
380082
380128
380166
380168
380169
380171
380363
380368
380390
380416
380497
381079
381121
381132
381168
381172
381175
381272
381323
381324
381326
381330
381383
381390
381424
381427
381459
381483
381602
381668
381704
381805
381813
381815
381827
381832
381837
381838
381844
381853
381857
381862
381874
381875
381878
381888
381890
381896
381913
381929
381936
382030
382058
382077
382080
382083
382093
382096
382102
382103
382106
382107
382108
382114
382115
382117
382123
382126
382162
382167
382188
382197
382222
382378
382387
382411
382441
382448
382454
382464
382501
382508
382514
382515
382522
382679
382725
382804
382821
382962
382972
382978
382981
382988
382999
383002
383017
383031
383038
383065
383066
383069
383287
383297
383311
383448
383449
383454
383458
383462
383465
383469
383473
383490
383499
383510
383515
383531
383547
383693
383694
383702
383703
383722
383739
383779
383927
383981
383996
383997
383999
384001
384004
384010
384011
384018
384021
384030
384040
384209
384214
384219
384222
384233
384239
384240
384242
384245
384267
384270
384277
384282
384283
384286
384290
384307
384331
384369
384377
384461
384539
384553
384560
384623
384640
384641
384656
384660
384703
384713
384728
384741
384746
384760
384763
384766
384768
384775
384777
384779
384780
384858
384860
384863
384867
384870
384871
384872
384873
384874
384875
384876
384877
384878
384880
384881
384882
384884
384885
384886
384887
384888
384889
384890
384892
384893
384894
384896
384897
384898
384899
384900
384901
384902
384903
384904
384905
384909
384910
384911
384913
384914
384915
384916
384918
384920
384922
384924
384926
384927
384929
384930
384931
384932
384933
384935
384936
384938
384939
384941
384942
384943
384944
384945
384946
384947
384948
384949
384953
384955
384973
384974
384975
384976
384978
384979
384981
384983
384985
384986
384990
384997
385002
385003
385004
385006
385007
385010
385011
385013
385014
385015
385017
385019
385020
385021
385024
385025
385030
385033
385035
385036
385044
385046
385047
385049
385051
385052
385054
385059
385062
385067
385073
385074
385079
385097
385099
385118
385120
385124
385126
385128
385129
385133
385161
385165
385196
385209
385211
385212
385213
385214
385216
385217
385218
385219
385220
385221
385222
385230
385241
385245
385246
385253
385259
385261
385271
385278
385287
385289
385294
385299
385300
385302
385303
385304
385305
385308
385309
385310
385312
385313
385314
385315
385316
385318
385319
385320
385321
385322
385323
385326
385327
385328
385331
385334
385341
385355
385381
385392
385425
385435
385475
385476
385477
385479
385482
385483
385487
385488
385490
385494
385589
385592
385596
385605
385610
385633
385634
385642
385646
385662
385666
385675
385676
385680
385681
385682
385684
385685
385689
385690
385691
385692
385693
385695
385696
385697
385698
385701
385704
385705
385708
385713
385714
385723
385729
385731
385733
385736
385737
385745
385759
385796
385824
385906
385910
385915
385916
385917
385918
385919
385927
385928
385931
385943
385960
385964
385974
385977
385978
385980
385983
385985
385986
385987
385990
385994
385999
386002
386004
386006
386012
386013
386033
386039
386045
386048
386097
386098
386099
386109
386111
386113
386117
386120
386124
386127
386219
386220
386240
386242
386256
386258
386263
386264
386269
386275
386286
386295
386296
386302
386305
386310
386312
386317
386319
386321
386327
386328
386331
386334
386335
386338
386339
386346
386349
386353
386383
386438
386463
386501
386534
386539
386541
386544
386545
386552
386553
386561
386577
386617
386619
386637
386649
386877
386930
387114
387153
387157
387180
387193
387195
387196
387222
387223
387224
387241
387387
387424
387436
387443
387469
387693
387754
387760
387825
387850
387860
387897
387912
388068
388291
388423
388437
388568
388606
388852
388867
388920
388937
388961
388962
388964
388971
388980
388995
389008
389131
389143
389185
389194
389204
389231
389372
389427
389447
389449
389458
389484
389639
389705
389823
389825
389833
389836
389837
389843
389849
389850
389853
389854
389868
389877
389896
389898
389899
389900
389904
389905
389907
389909
389911
389915
389917
389920
389927
389949
390111
390144
390234
390335
390346
390374
390375
390411
390558
390568
390570
390629
390644
390783
390796
390814
390820
390830
390851
390853
391045
391207
391233
391324
391519
391530
391531
391579
391678
392328
392445
392519
392630
392689
392712
392804
392977
393305
393395
393439
393441
393488
393553
393577
393617
393796
393817
393819
394068
394217
394239
394681
394711
394903
395364
395374
395499
395526
395531
395533
395535
395690
395735
395766
396153
396347
397000
397153
397373
397419
397420
397455
397456
397457
397458
397459
397460
397461
397462
397463
397464
397465
397466
397468
397470
397471
397473
397474
397475
397476
397477
397478
397481
397484
397485
397487
397489
397490
397491
397502
397800
397802
397803
397806
397807
397808
397810
397811
397813
397816
397817
397840
397991
398063
398064
398065
398066
398067
398099
398164
398200
398289
398290
398291
398292
398293
398294
398295
398353
398388
398390
398991
399340
400080
401400
401994
402353
402734
402736
402737
402738
402740
402742
402743
402744
402745
402747
402748
402749
402750
402751
402752
402753
402754
402755
402756
402757
402758
402759
402760
402761
402762
402764
402765
402766
402767
402770
402771
402772
402774
402775
403025
404825
404892
404894
406260
407292
407911
407913
407914
407915
407916
407917
407919
407920
407921
407922
407924
407926
407927
407928
407929
407930
407931
407932
408062
408065
408086
408123
408409
408434
408994
409812
411512
412033
413390
413540
416935
416936
417471
417472
417987
418067
418253
418740
419209
419286
419821
421047
422022
422316
422851
423550
424128
426887
427025
427264
427487
427994
428967
429275
429613
430418
431108
431204
432168
432250
432635
432655
432703
432707
433318
433468
434513
434675
434680
435068
435090
435091
435190
435720
436214
437063
437744
438002
438245
438249
438251
438261
438264
438266
438268
438269
438271
438272
438273
438274
438275
438276
438278
438279
438280
438281
438282
438283
438284
438286
438287
438288
438289
438290
438291
438292
438293
438294
438296
438297
438298
438299
438300
438301
438302
438303
438304
438305
438306
438307
438308
438309
438310
438311
438312
438313
438314
438315
438316
438317
438318
438319
438320
438321
438323
438324
438325
438326
438327
438328
438329
438330
438331
438332
438333
438334
438335
438336
438337
438338
438340
438341
438342
438343
438344
438345
438346
438347
438348
438349
438350
438351
438352
438353
438354
438355
438356
438357
438358
438359
438360
438361
438363
438364
438365
438366
438367
438369
438370
438371
438372
438374
438375
438377
438378
438379
438380
438381
438382
438383
438384
438385
438386
438388
438389
438390
438391
438392
438393
438394
438395
438396
438397
438398
438399
438400
438401
438402
438403
438404
438405
438406
438407
438408
438409
438411
438413
438414
438415
438416
438417
438418
438419
438421
438422
438425
438426
438428
438429
438430
438432
438434
438435
438436
438438
438439
438441
438442
438443
438444
438445
438446
438447
438448
438467
438471
438487
438488
438489
438490
438491
438492
438493
438494
438495
438496
438497
438498
438499
438500
438501
438502
438503
438504
438505
438506
438507
438508
438509
438510
438511
438512
438513
438514
438515
438516
438517
438518
438519
438520
438521
438523
438524
438526
438527
438528
438529
438530
438531
438532
438533
438534
438535
438536
438537
438538
438539
438540
438541
438542
438543
438544
438545
438546
438547
438548
438549
438550
438551
438552
438553
438554
438555
438556
438557
438558
438559
438560
438561
438562
438563
438564
438565
438566
438567
438568
438569
438570
438571
438572
438573
438574
438575
438576
438577
438578
438579
438580
438581
438582
438583
438584
438585
438586
438587
438588
438589
438590
438591
438592
438593
438594
438595
438596
438597
438598
438600
438601
438603
438604
438605
438606
438607
438608
438609
438610
438611
438612
438613
438614
438615
438616
438617
438618
438619
438620
438621
438622
438623
438624
438625
438626
438627
438628
438629
438630
438631
438632
438633
438634
438635
438636
438638
438639
438640
438641
438642
438643
438644
438645
438646
438647
438648
438650
438651
438652
438653
438654
438655
438656
438657
438658
438659
438660
438661
438662
438663
438664
438665
438666
438667
438668
438669
438670
438671
438673
438674
438675
438676
438677
438678
438679
438680
438681
438682
438683
438684
438685
438686
438687
438688
438689
438690
438691
438692
438693
438694
438696
438697
438698
438699
438700
438701
438702
438711
438713
438714
438715
438718
438719
438721
438724
438725
438730
438732
438734
438738
438739
438740
438742
438743
438744
438745
438746
438747
438748
438749
438750
438751
438752
438753
438754
438755
438756
438757
438758
438759
438760
438761
438762
438764
438765
438766
438767
438768
438769
438770
438771
438772
438773
438774
438775
438776
438777
438778
438779
438780
438781
438782
438783
438784
438785
438786
438787
438788
438789
438790
438791
438792
438793
438794
438795
438796
438797
438798
438799
438800
438801
438802
438803
438804
438805
438806
438807
438808
438809
438810
438811
438812
438813
438814
438815
438816
438817
438818
438819
438820
438822
438823
438824
438825
438826
438827
438829
438830
438831
438832
438833
438834
438835
438836
438837
438838
438839
438840
438841
438842
438843
438844
438845
438846
438847
438848
438849
438850
438851
438852
438853
438854
438855
438856
438858
438859
438860
438861
438862
438863
438864
438865
438866
438867
438868
438869
438870
438871
438872
438873
438874
438875
438876
438877
438878
438879
438880
438881
438882
438883
438884
438885
438886
438887
438888
438889
438890
438891
438892
438893
438895
438896
438897
438898
438899
438901
438902
438903
438904
438905
438906
438907
438908
438909
438910
438911
438912
438913
438914
438915
438916
438917
438918
438919
438920
438921
438922
438923
438924
438925
438926
438927
438928
438929
438930
438931
438932
438933
438934
438935
438936
438938
438939
438940
438941
438942
438943
438944
438945
438946
438947
438948
438949
438950
438951
438952
438953
438954
438955
438956
438957
438958
438959
438960
438961
438962
438963
438964
438965
438966
438967
438968
438969
438970
438971
438972
438973
438974
438975
438976
438977
438978
438979
438981
438982
438983
438985
438986
438987
438988
438989
438990
438992
438993
438994
438995
438996
438997
438998
438999
439000
439001
439002
439003
439004
439005
439006
439007
439008
439009
439010
439011
439012
439013
439014
439015
439016
439017
439018
439019
439020
439021
439022
439023
439024
439025
439026
439027
439028
439030
439031
439032
439033
439034
439035
439036
439037
439039
439040
439041
439042
439043
439044
439045
439046
439047
439048
439049
439050
439051
439052
439053
439054
439055
439056
439058
439059
439060
439061
439062
439063
439065
439066
439067
439068
439069
439070
439071
439072
439073
439074
439075
439076
439077
439078
439079
439080
439081
439082
439083
439084
439085
439087
439088
439089
439090
439091
439092
439093
439094
439095
439096
439097
439098
439099
439100
439101
439102
439103
439104
439106
439107
439108
439109
439110
439112
439113
439114
439115
439116
439117
439118
439119
439120
439121
439122
439123
439124
439125
439126
439127
439128
439129
439130
439131
439132
439133
439134
439135
439136
439137
439138
439139
439140
439141
439142
439143
439144
439145
439146
439147
439148
439149
439150
439151
439152
439153
439154
439155
439156
439157
439159
439161
439162
439163
439165
439166
439167
439168
439169
439170
439171
439172
439173
439174
439175
439177
439178
439179
439180
439181
439182
439183
439184
439185
439186
439187
439188
439189
439190
439191
439192
439193
439194
439195
439196
439197
439198
439199
439200
439201
439202
439203
439204
439205
439206
439207
439208
439209
439210
439211
439212
439213
439214
439216
439217
439218
439219
439220
439221
439222
439223
439224
439225
439226
439227
439228
439229
439230
439231
439232
439233
439234
439235
439236
439237
439238
439239
439240
439241
439242
439243
439244
439245
439246
439247
439248
439249
439250
439251
439252
439253
439254
439255
439256
439257
439258
439259
439260
439261
439262
439263
439264
439266
439267
439268
439269
439270
439271
439273
439274
439275
439276
439277
439278
439279
439280
439281
439282
439283
439284
439285
439286
439288
439289
439290
439291
439292
439293
439294
439295
439296
439297
439298
439299
439300
439301
439302
439303
439304
439305
439306
439308
439309
439310
439311
439312
439313
439314
439315
439316
439317
439318
439320
439321
439322
439324
439325
439326
439327
439328
439329
439330
439332
439334
439335
439336
439337
439338
439339
439340
439341
439342
439343
439344
439345
439346
439347
439348
439349
439350
439351
439352
439353
439354
439355
439356
439357
439358
439359
439360
439361
439362
439363
439364
439365
439366
439367
439368
439369
439370
439371
439372
439373
439374
439375
439376
439378
439379
439380
439381
439382
439383
439384
439385
439386
439388
439389
439390
439391
439392
439393
439394
439395
439396
439397
439398
439399
439400
439401
439402
439403
439404
439405
439406
439407
439408
439409
439410
439411
439412
439413
439414
439415
439416
439418
439419
439420
439421
439422
439423
439424
439425
439427
439428
439429
439430
439431
439432
439433
439434
439435
439436
439437
439438
439439
439440
439441
439442
439443
439444
439445
439446
439447
439448
439449
439450
439451
439452
439453
439454
439455
439456
439457
439458
439459
439460
439461
439462
439463
439464
439465
439466
439467
439468
439469
439470
439471
439472
439473
439474
439475
439476
439477
439478
439479
439480
439481
439482
439483
439484
439485
439486
439487
439488
439489
439490
439491
439492
439493
439494
439495
439496
439497
439498
439499
439500
439501
439502
439503
439504
439505
439506
439507
439508
439509
439510
439511
439512
439513
439514
439515
439516
439517
439518
439519
439520
439521
439522
439523
439524
439525
439527
439528
439529
439530
439531
439532
439533
439534
439535
439536
439537
439538
439539
439540
439541
439542
439543
439544
439545
439546
439547
439548
439549
439550
439551
439552
439553
439554
439555
439556
439557
439558
439559
439560
439561
439562
439563
439564
439565
439566
439567
439568
439569
439570
439571
439572
439573
439574
439575
439576
439577
439578
439579
439580
439581
439582
439583
439584
439585
439586
439587
439588
439589
439590
439591
439592
439593
439594
439595
439596
439597
439598
439599
439600
439601
439602
439603
439604
439605
439606
439607
439608
439609
439610
439611
439612
439613
439614
439615
439616
439618
439619
439620
439621
439622
439623
439624
439625
439626
439627
439628
439629
439630
439631
439632
439633
439634
439635
439636
439637
439638
439639
439640
439641
439642
439643
439644
439645
439646
439647
439648
439649
439650
439651
439652
439653
439654
439655
439656
439657
439658
439659
439660
439661
439662
439663
439664
439665
439666
439667
439668
439669
439670
439671
439672
439673
439674
439675
439676
439677
439678
439679
439680
439681
439682
439683
439684
439685
439686
439687
439688
439689
439690
439691
439692
439693
439694
439695
439696
439698
439699
439700
439701
439702
439703
439704
439705
439706
439707
439708
439709
439710
439711
439712
439713
439714
439715
439716
439717
439718
439719
439720
439721
439722
439723
439724
439725
439726
439727
439728
439729
439730
439731
439732
439733
439734
439735
439736
439737
439738
439739
439740
439741
439742
439743
439744
439745
439746
439748
439749
439750
439751
439752
439753
439754
439755
439756
439757
439758
439759
439760
439761
439762
439763
439764
439765
439766
439767
439768
439769
439771
439772
439773
439774
439775
439776
439777
439778
439779
439780
439781
439782
439783
439784
439785
439786
439787
439788
439789
439790
439791
439792
439793
439794
439795
439796
439797
439798
439799
439800
439801
439802
439803
439804
439805
439806
439807
439808
439809
439810
439811
439812
439813
439814
439815
439816
439818
439819
439820
439821
439822
439823
439824
439825
439826
439827
439828
439829
439830
439831
439832
439834
439835
439836
439837
439838
439839
439840
439841
439842
439843
439844
439845
439846
439847
439848
439849
439850
439851
439852
439853
439854
439855
439856
439857
439858
439859
439860
439861
439862
439863
439864
439865
439866
439867
439868
439869
439870
439871
439872
439873
439874
439875
439876
439877
439878
439879
439880
439881
439882
439883
439884
439885
439886
439887
439888
439889
439890
439892
439893
439894
439895
439896
439897
439898
439899
439900
439901
439902
439903
439904
439905
439906
439907
439908
439909
439910
439911
439912
439913
439914
439915
439916
439917
439918
439919
439920
439921
439922
439923
439924
439925
439926
439927
439928
439929
439930
439931
439932
439933
439934
439935
439936
439937
439938
439939
439940
439941
439942
439943
439944
439945
439946
439947
439948
439950
439951
439952
439953
439954
439955
439956
439957
439959
439960
439961
439962
439963
439964
439965
439966
439967
439968
439969
439971
439972
439973
439974
439975
439976
439977
439978
439979
439980
439981
439982
439983
439984
439985
439986
439987
439988
439989
439990
439991
439992
439993
439994
439995
439996
439997
439998
439999
440001
440002
440003
440004
440005
440006
440007
440008
440009
440010
440011
440012
440013
440014
440015
440016
440017
440018
440019
440020
440021
440022
440023
440024
440025
440026
440027
440028
440029
440030
440031
440032
440033
440034
440035
440036
440037
440039
440040
440041
440042
440043
440044
440046
440047
440048
440049
440050
440053
440058
440089
440091
440094
440097
440099
440101
440149
440155
440156
440157
440158
440160
440161
440162
440163
440164
440167
440168
440169
440170
440171
440172
440173
440174
440175
440176
440177
440178
440179
440180
440181
440182
440183
440184
440185
440186
440953
441817
441887
441947
442041
442875
443249
443395
445752
446364
447019
447060
447659
447684
447962
448312
449165
450697
451757
452026
452235
452866
453237
453386
453957
454242
455337
455730
456290
457877
457913
458183
459161
459826
459877
459992
460433
460670
461070
461265
461623
461883
462125
463679
464353
464939
465247
465534
465537
465539
467412
467524
467528
468056
468161
468531
468574
468817
469005
469147
469340
469435
469571
470036
470390
470395
470764
471143
471369
473689
473691
473943
476086
476507
476638
477078
477182
477505
477508
477739
477758
477760
477761
478347
478770
478862
479518
479913
480870
481676
481848
482077
482719
482838
482927
483233
483717
484010
484981
485143
485648
487944
488458
488481
488905
488986
489164
489198
490220
491092
491707
491896
491908
492465
493300
493618
494328
494469
494625
494731
494929
495122
495499
495668
495705
496107
496308
496972
497256
497323
497608
497858
498670
499841
500277
502461
504065
505382
505707
506570
506938
507479
507517
508105
509330
509513
510312
510883
511257
511272
512338
512645
512814
513077
513621
514286
514578
514942
515631
515993
516675
516795
517134
517406
518497
518908
520307
520850
520997
521070
521335
522060
522085
523430
523617
523828
525173
525913
526715
527195
527370
527986
528597
529076
529245
529258
529763
530127
530332
531753
532537
532858
533610
534355
535015
535254
535778
536270
536609
536836
537522
537678
538138
538424
538535
538599
539008
539125
539590
539792
540919
540952
541024
541038
541086
541087
541344
541381
541791
541866
542120
542152
542485
542827
543028
543552
543590
543616
543986
544321
544389
544457
544741
544826
545339
545500
545612
546065
546849
547375
548187
548242
548289
548644
548889
549042
549242
549770
550232
551156
551314
551544
551887
552385
552457
552539
553004
553015
553439
553525
553760
553865
554223
554290
554651
554689
554982
554983
554984
554985
554986
554987
554988
554989
554990
554992
554993
554994
555085
555115
555294
555638
557153
557369
557418
557616
557675
558023
558414
558458
558459
558468
558474
558476
558502
558599
558647
558902
558914
559018
559380
559412
559420
559430
559436
559443
559444
559445
559447
559456
559466
559471
559489
559535
559536
559563
559728
559783
559892
559922
559935
559968
559969
559976
560017
560040
560078
560123
560183
560325
560697
560834
560995
561086
561087
561159
561163
561186
561189
561400
561401
561503
561514
561515
561593
561594
561613
561624
561625
561626
561630
561642
561646
561666
561677
561682
561698
561702
561747
561767
561786
562033
562050
562104
562256
562451
562631
562632
562636
562637
562694
562717
562989
563289
563321
563465
563523
563690
563867
563882
563929
564155
564204
564684
564836
565258
565429
565537
565563
565817
566254
566317
566467
566524
566556
566605
566808
567544
568215
568518
568615
569025
569093
569281
569379
569427
569513
569597
569626
569778
570499
570530
570531
570533
570562
570565
570603
570624
570667
570678
571120
571151
571162
571307
571334
571339
571442
571698
571726
571896
572364
572403
572749
572848
572904
573081
573124
573277
573310
573572
573817
574245
574246
574317
574624
574654
574685
575386
575958
575984
576028
576034
576069
576091
576126
576642
577172
577205
577382
577448
577496
577811
578053
578243
578278
578679
579360
579396
579580
579581
579586
579709
579827
579983
580002
580707
580758
580816
580989
581286
581618
582815
582875
582918
582920
582980
582993
583082
583136
583138
584794
585399
585436
585532
585604
585605
585606
585608
585698
586500
586614
586685
586704
586973
587033
587048
587185
587198
587337
587723
587780
588192
588522
588635
588690
588761
589313
589623
589963
589973
589974
589979
590183
590215
590654
590728
590758
591841
591954
592067
592372
592549
592599
592603
593665
593917
595087
595164
595406
595415
595418
595469
595887
595904
596092
596093
596098
596100
596102
596447
596928
597270
597627
597633
597701
597908
597933
597979
598257
598360
598368
598686
599944
600660
600702
600763
601113
601279
601479
601708
602599
603885
605010
605252
605315
605407
605435
605699
605704
605842
606675
606682
606686
606690
606696
606975
607370
607375
607455
608216
608400
609025
609332
609361
609731
609790
609798
611170
611181
611194
611399
611548
611750
611765
611808
612045
612631
612809
612931
612960
612970
613863
614747
615077
615504
615684
616051
616360
616574
616792
617829
617941
618269
619726
619857
619863
619898
619907
619909
620059
620370
620405
620475
620529
620560
620729
620764
620974
621047
621200
621350
621630
621981
622799
623328
623354
623459
623482
623628
623640
623672
623680
623742
623811
623909
625254
625255
625261
625542
626072
626090
626539
626543
626549
626598
626901
626918
627408
627541
627600
627735
628607
628653
628673
628872
628993
629122
629230
629307
629330
629336
629380
629512
629584
629892
630307
630419
630428
630438
630636
631137
631742
631781
631790
631859
631914
632260
632266
632796
632872
633259
633265
633275
633883
633889
633893
634574
635332
635340
635350
635939
636266
636283
636437
636449
636457
636645
636707
636757
636824
637127
637892
638032
638069
638302
638370
638505
638521
638551
638679
638769
638815
638823
638859
639316
639423
639750
639994
639998
640002
640081
640117
640295
640365
640400
640896
640986
641831
642177
642181
642376
642414
642681
642838
642868
642899
643034
643116
643296
643373
643649
643807
644326
644408
644493
644670
644739
644824
644844
644917
645585
645741
645782
645846
645899
645937
646196
646255
646308
646518
646548
646904
647828
647943
648117
648284
648313
648398
648446
648534
648613
648972
649123
649133
649231
649257
649699
649974
650076
651156
651496
651563
651826
651875
651900
652308
653003
653013
653857
654223
654266
654296
654640
654801
654926
654956
655063
655554
656453
656469
656471
656618
656622
656666
656668
656670
656716
656764
656768
656770
656829
656873
656903
656904
656911
656943
657019
657073
657111
657118
657297
657433
657585
657763
658282
658333
658361
658375
658376
658621
658789
658920
658923
658936
658963
659247
659811
659814
659816
659846
660010
660013
660019
660024
660093
660428
660469
660564
661191
661386
661676
661749
661808
662581
662762
663234
663249
663720
664339
664834
665193
665481
665796
666206
666299
667047
667413
667447
667831
667997
668034
668133
668569
668843
669417
669673
669752
670074
670857
670982
671237
671330
671335
671545
672170
672667
672907
673082
673234
674206
675139
675254
675425
675552
675558
675630
675631
675632
675633
675634
675647
675747
676068
677343
677868
678153
678195
678214
678368
678373
678630
678916
678917
678918
679618
679673
679705
679761
679866
679937
680217
680405
680416
680663
680759
680906
681250
681290
681316
681374
683307
684000
684507
684698
687375
687589
687618
688591
689379
689846
689912
690207
690285
691408
692300
692303
692463
692693
694103
694562
695529
696436
696990
696999
698440
699352
699600
700141
700175
700503
700532
700554
701034
701197
701257
701424
701775
702781
703058
703543
704016
704327
704362
704953
704987
705363
705643
705670
705691
706426
706587
707106
708400
709113
709471
709575
710539
710714
711722
711912
712763
712836
712933
712977
713470
714461
715283
715942
716128
716604
716715
716794
717396
718692
719615
719626
719701
719959
720240
720434
720497
720660
721147
721152
721366
721619
722305
723071
723361
723544
723644
723772
723930
723934
723966
724278
724789
725659
725807
726904
727063
730174
731222
732172
732359
732480
733877
733998
734422
734494
734670
735105
735257
735484
735485
735486
736239
736352
736927
737830
738067
738076
738238
738247
738649
739325
739350
739796
739819
739826
739863
740139
740338
740604
740700
740800
740919
742310
742369
742928
742952
742959
742963
743015
743044
743499
743526
744083
744086
744160
744287
744468
745366
745388
745391
745395
745706
745810
746243
746255
746276
747581
747707
748031
748729
749096
749289
749299
749466
749552
750105
750178
750280
750473
750542
750737
751088
751092
752110
752356
753819
754911
754916
755184
755952
755953
755954
755955
755956
755958
755959
755960
755961
755962
755963
755964
755965
755966
755967
755968
755969
755970
755971
755972
755973
755974
755975
755976
755977
755979
756063
756064
756065
756066
756094
757870
758250
758397
758398
758399
758401
758402
758403
758405
758406
758407
758408
758409
758410
758411
758412
758413
758414
758445
758447
758449
758452
758466
758467
758468
758469
758470
758471
758472
758478
759285
760738
761385
762754
762789
762940
763427
763638
763748
764521
765172
765291
765298
765611
766106
766318
766826
766973
766974
767437
768186
768987
770181
770213
770270
771413
771983
772229
772350
772481
773127
773128
773129
773130
773131
773132
773133
773134
773135
773136
773137
773139
773140
774814
775965
776371
778226
778742
779117
779664
780953
781021
781078
783268
783350
783435
783447
784358
785679
786277
786278
786279
786280
786281
786282
786283
786284
786508
787111
787610
787631
787653
787674
787679
787710
787731
787756
787769
787790
788014
788049
788094
788138
788158
788171
788183
788209
788262
788270
788277
788294
788301
788344
788394
788403
788542
788693
788749
