516055
516686
517378
518944
520702
524340
528692
530840
531051
533496
538178
538918
538919
541840
546733
552278
567478
567717
574411
574414
574832
576115
577490
577492
577981
579559
579560
579561
594750
600473
603743
606539
615086
618451
631225
632037
632040
632476
633059
639014
643893
644318
645449
654151
656384
664474
667053
669887
682646
686583
692243
692245
696860
702154
732242
755592
781860
787270
795258
804912
824784
839719
848941
859408
916117
922664
926672
933345
936733
942804
942805
946640
953749
979915
1028014
1036986
1050218
1065869
1068229